# 网络科学基础 第二次作业

## 绘图

### 幂律函数公式

```matlab
def p_k(k, c0, beta):
    return c0 * k**(-beta)
```

$$
p(k) = c_0 \cdot k^{-\beta}
$$



### 自然对数形式

```matlab
def ln_p_k(k, c0, beta):
    return np.log(c0 * k**(-beta))
```


$$
ln(p(k)) = ln(c_0 \cdot k^{-\beta})
$$

### Python 实现

```python
import numpy as np
import matplotlib.pyplot as plt

c0 = 1
beta = 3

def p_k(k, c0, beta):
    return c0 * k**(-beta)

def ln_p_k(k, c0, beta):
    return np.log(c0 * k**(-beta))

k1 = np.arange(1, 11, dtype=float)
p_k1 = p_k(k1, c0, beta)
ln_p_k1 = ln_p_k(k1, c0, beta)

k2 = np.arange(1, 101, dtype=float)
p_k2 = p_k(k2, c0, beta)
ln_p_k2 = ln_p_k(k2, c0, beta)

plt.figure(figsize=(12, 6))

plt.subplot(2, 2, 1)
plt.plot(k1, p_k1, label='k ∈ [1, 10]', color='red')
plt.title('p(k) = c0 * k^(-beta)')
plt.xlabel('k')
plt.ylabel('p(k)')
plt.legend()

plt.subplot(2, 2, 2)
plt.plot(k2, p_k2, label='k ∈ [1, 100]', color='red')
plt.title('p(k) = c0 * k^(-beta)')
plt.xlabel('k')
plt.ylabel('p(k)')
plt.legend()

plt.subplot(2, 2, 3)
plt.plot(k1, ln_p_k1, label='k ∈ [1, 10]', color='blue')
plt.title('Ln(p(k)) = Ln(c0 * k^(-beta))')
plt.xlabel('k')
plt.ylabel('Ln(p(k))')
plt.legend()

plt.subplot(2, 2, 4)
plt.plot(k2, ln_p_k2, label='k ∈ [1, 100]', color='blue')
plt.title('Ln(p(k)) = Ln(c0 * k^(-beta))')
plt.xlabel('k')
plt.ylabel('Ln(p(k))')
plt.legend()

plt.tight_layout()
plt.show()
```

![49](C:\Users\Holme\OneDrive\Markdown-Document\img\49.png)

### Matlab实现

![image-20241013194135687](C:\Users\Holme\AppData\Roaming\Typora\typora-user-images\image-20241013194135687.png)

## 邻接矩阵

```python
import numpy as np

# Adjacency list representation
adj_list = {
    1: ['2', '3'],
    2: ['1', '3', '4', '5'],
    3: ['1', '2', '5', '7', '8'],
    4: ['2', '5'],
    5: ['2', '3', '4', '6'],
    6: ['5'],
    7: ['3', '8'],
    8: ['3', '7'],
    9: ['10'],
    10: ['9', '11'],
    11: ['10']
}

# Output the adjacency list format
print("Adjacency List:")
for node, neighbors in adj_list.items():
    print(f"{node} {neighbors}")


n = 11
A = np.zeros((n, n), dtype=int)

for node, neighbors in adj_list.items():
    for neighbor in neighbors:
        A[node - 1][int(neighbor) - 1] = 1

def print_matrix(matrix, label):
    print(f"\n{label}:")
    for row in matrix:
        print('\t'.join(map(str, row)))

# Calculate and output powers of A from A^1 to A^10
for power in range(1, 11):
    A_power = np.linalg.matrix_power(A, power)
    print_matrix(A_power, f"A^{power}")
```

```
PS E:\LearningProjects\Milton-Code> & D:/Environment/Python312/python.exe e:/LearningProjects/Milton-Code/Courses/NetworkScience/adjacency_list.py
Adjacency List:
1 ['2', '3']
2 ['1', '3', '4', '5']
3 ['1', '2', '5', '7', '8']
4 ['2', '5']
5 ['2', '3', '4', '6']
6 ['5']
7 ['3', '8']
8 ['3', '7']
9 ['10']
10 ['9', '11']
11 ['10']

A^1:
0       1       1       0       0       0       0       0       0       0       0
1       0       1       1       1       0       0       0       0       0       0
1       1       0       0       1       0       1       1       0       0       0
0       1       0       0       1       0       0       0       0       0       0
0       1       1       1       0       1       0       0       0       0       0
0       0       0       0       1       0       0       0       0       0       0
0       0       1       0       0       0       0       1       0       0       0
0       0       1       0       0       0       1       0       0       0       0
0       0       0       0       0       0       0       0       0       1       0
0       0       0       0       0       0       0       0       1       0       1
0       0       0       0       0       0       0       0       0       1       0

A^2:
2       1       1       1       2       0       1       1       0       0       0
1       4       2       1       2       1       1       1       0       0       0
1       2       5       2       1       1       1       1       0       0       0
1       1       2       2       1       1       0       0       0       0       0
2       2       1       1       4       0       1       1       0       0       0
0       1       1       1       0       1       0       0       0       0       0
1       1       1       0       1       0       2       1       0       0       0
1       1       1       0       1       0       1       2       0       0       0
0       0       0       0       0       0       0       0       1       0       1
0       0       0       0       0       0       0       0       0       2       0
0       0       0       0       0       0       0       0       1       0       1

A^3:
2       6       7       3       3       2       2       2       0       0       0
6       6       9       6       8       2       3       3       0       0       0
7       9       6       3       10      1       6       6       0       0       0
3       6       3       2       6       1       2       2       0       0       0
3       8       10      6       4       4       2       2       0       0       0
2       2       1       1       4       0       1       1       0       0       0
2       3       6       2       2       1       2       3       0       0       0
2       3       6       2       2       1       3       2       0       0       0
0       0       0       0       0       0       0       0       0       2       0
0       0       0       0       0       0       0       0       2       0       2
0       0       0       0       0       0       0       0       0       2       0

A^4:
13      15      15      9       18      3       9       9       0       0       0
15      29      26      14      23      8       12      12      0       0       0
15      26      38      19      19      10      12      12      0       0       0
9       14      19      12      12      6       5       5       0       0       0
18      23      19      12      28      4       12      12      0       0       0
3       8       10      6       4       4       2       2       0       0       0
9       12      12      5       12      2       9       8       0       0       0
9       12      12      5       12      2       8       9       0       0       0
0       0       0       0       0       0       0       0       2       0       2
0       0       0       0       0       0       0       0       0       4       0
0       0       0       0       0       0       0       0       2       0       2

A^5:
30      55      64      33      42      18      24      24      0       0       0
55      78      91      52      77      23      38      38      0       0       0
64      91      84      45      93      19      50      50      0       0       0
33      52      45      26      51      12      24      24      0       0       0
42      77      93      51      58      28      31      31      0       0       0
18      23      19      12      28      4       12      12      0       0       0
24      38      50      24      31      12      20      21      0       0       0
24      38      50      24      31      12      21      20      0       0       0
0       0       0       0       0       0       0       0       0       4       0
0       0       0       0       0       0       0       0       4       0       4
0       0       0       0       0       0       0       0       0       4       0

A^6:
119     169     175     97      170     42      88      88      0       0       0
169     275     286     155     244     77      129     129     0       0       0
175     286     348     184     239     93      134     134     0       0       0
97      155     184     103     135     51      69      69      0       0       0
170     244     239     135     249     58      124     124     0       0       0
42      77      93      51      58      28      31      31      0       0       0
88      129     134     69      124     31      71      70      0       0       0
88      129     134     69      124     31      70      71      0       0       0
0       0       0       0       0       0       0       0       4       0       4
0       0       0       0       0       0       0       0       0       8       0
0       0       0       0       0       0       0       0       4       0       4

A^7:
344     561     634     339     483     170     263     263     0       0       0
561     854     946     519     793     244     415     415     0       0       0
634     946     968     525     911     239     482     482     0       0       0
339     519     525     290     493     135     253     253     0       0       0
483     793     911     493     676     249     363     363     0       0       0
170     244     239     135     249     58      124     124     0       0       0
263     415     482     253     363     124     204     205     0       0       0
263     415     482     253     363     124     205     204     0       0       0
0       0       0       0       0       0       0       0       0       8       0
0       0       0       0       0       0       0       0       8       0       8
0       0       0       0       0       0       0       0       0       8       0

A^8:
1195    1800    1914    1044    1704    483     897     897     0       0       0
1800    2819    3038    1647    2563    793     1361    1361    0       0       0
1914    3038    3455    1857    2678    911     1450    1450    0       0       0
1044    1647    1857    1012    1469    493     778     778     0       0       0
1704    2563    2678    1469    2446    676     1274    1274    0       0       0
483     793     911     493     676     249     363     363     0       0       0
897     1361    1450    778     1274    363     687     686     0       0       0
897     1361    1450    778     1274    363     686     687     0       0       0
0       0       0       0       0       0       0       0       8       0       8
0       0       0       0       0       0       0       0       0       16      0
0       0       0       0       0       0       0       0       8       0       8

A^9:
3714    5857    6493    3504    5241    1704    2811    2811    0       0       0
5857    9048    9904    5382    8297    2563    4399    4399    0       0       0
6493    9904    10530   5716    9261    2678    4905    4905    0       0       0
3504    5382    5716    3116    5009    1469    2635    2635    0       0       0
5241    8297    9261    5009    7386    2446    3952    3952    0       0       0
1704    2563    2678    1469    2446    676     1274    1274    0       0       0
2811    4399    4905    2635    3952    1274    2136    2137    0       0       0
2811    4399    4905    2635    3952    1274    2137    2136    0       0       0
0       0       0       0       0       0       0       0       0       16      0
0       0       0       0       0       0       0       0       16      0       16
0       0       0       0       0       0       0       0       8       0       8
0       0       0       0       0       0       0       0       0       16      0
0       0       0       0       0       0       0       0       8       0       8

A^9:
3714    5857    6493    3504    5241    1704    2811    2811    0       0       0
5857    9048    9904    5382    8297    2563    4399    4399    0       0       0
6493    9904    10530   5716    9261    2678    4905    4905    0       0       0
3504    5382    5716    3116    5009    1469    2635    2635    0       0       0
5241    8297    9261    5009    7386    2446    3952    3952    0       0       0
1704    2563    2678    1469    2446    676     1274    1274    0       0       0
2811    4399    4905    2635    3952    1274    2136    2137    0       0       0
2811    4399    4905    2635    3952    1274    2137    2136    0       0       0
0       0       0       0       0       0       0       0       0       16      0
0       0       0       0       0       0       0       0       16      0       16
0       0       0       0       0       0       0       0       0       16      0
0       0       0       0       0       0       0       0       8       0       8

A^9:
3714    5857    6493    3504    5241    1704    2811    2811    0       0       0
5857    9048    9904    5382    8297    2563    4399    4399    0       0       0
6493    9904    10530   5716    9261    2678    4905    4905    0       0       0
3504    5382    5716    3116    5009    1469    2635    2635    0       0       0
5241    8297    9261    5009    7386    2446    3952    3952    0       0       0
1704    2563    2678    1469    2446    676     1274    1274    0       0       0
2811    4399    4905    2635    3952    1274    2136    2137    0       0       0
2811    4399    4905    2635    3952    1274    2137    2136    0       0       0
0       0       0       0       0       0       0       0       0       16      0
0       0       0       0       0       0       0       0       16      0       16
3504    5382    5716    3116    5009    1469    2635    2635    0       0       0
5241    8297    9261    5009    7386    2446    3952    3952    0       0       0
1704    2563    2678    1469    2446    676     1274    1274    0       0       0
2811    4399    4905    2635    3952    1274    2136    2137    0       0       0
2811    4399    4905    2635    3952    1274    2137    2136    0       0       0
0       0       0       0       0       0       0       0       0       16      0
0       0       0       0       0       0       0       0       16      0       16
0       0       0       0       0       0       0       0       0       16      0

0       0       0       0       0       0       0       0       16      0       16
0       0       0       0       0       0       0       0       0       16      0

0       0       0       0       0       0       0       0       0       16      0


A^10:
A^10:
12350   18952   20434   11098   17558   5241    9304    9304    0       0       0
18952   29440   32000   17345   26897   8297    14303   14303   0       0       0
12350   18952   20434   11098   17558   5241    9304    9304    0       0       0
18952   29440   32000   17345   26897   8297    14303   14303   0       0       0
20434   32000   35468   19165   28828   9261    15435   15435   0       0       0
18952   29440   32000   17345   26897   8297    14303   14303   0       0       0
20434   32000   35468   19165   28828   9261    15435   15435   0       0       0
20434   32000   35468   19165   28828   9261    15435   15435   0       0       0
11098   17345   19165   10391   15683   5009    8351    8351    0       0       0
17558   26897   28828   15683   25013   7386    13213   13213   0       0       0
5241    8297    9261    5009    7386    2446    3952    3952    0       0       0
9304    14303   15435   8351    13213   3952    7042    7041    0       0       0
9304    14303   15435   8351    13213   3952    7041    7042    0       0       0
0       0       0       0       0       0       0       0       16      0       16
0       0       0       0       0       0       0       0       0       32      0
0       0       0       0       0       0       0       0       16      0       16
```

